vrd/spatial
300
91.92	71.33	75.64	41.78	70.17
83.78	59.43	71.35	39.79	63.59
84.67	60.62	72.17	39.93	64.35
90.63	72.55	74.43	46.45	71.02

glove
91.80	72.38	75.40	43.04	70.66
82.83	57.13	68.87	36.98	61.45
83.66	59.53	69.37	37.32	62.47
89.81	72.11	73.30	45.37	70.15

coco-100
92.12	72.41	76.00	43.14	70.92
88.97	69.17	75.68	45.37	69.80
89.31	69.68	76.02	45.44	70.11
90.06	72.28	74.70	46.72	70.94







=============================

	gnews vrd:all
	91.84	75.51	76.46	48.59	73.10
	71.64	47.45	61.13	33.22	53.36
	72.34	46.22	60.84	30.51	52.48
	89.52	71.60	72.39	43.43	69.23

	300 vrd:all
	91.99	75.58	76.56	47.60	72.94
	80.73	61.55	67.21	41.87	62.84
	81.23	62.66	67.33	39.99	62.80
	89.38	71.26	72.56	43.76	69.24

	glove vrd:all
	91.59	76.39	76.12	49.49	73.40
	77.68	57.49	64.90	38.58	59.66
	78.55	58.04	64.62	35.12	59.08
	88.67	70.74	71.61	42.69	68.43

	gnews vrd:activities
	95.89	62.67	91.07	37.78	71.85
	98.11	84.89	96.35	71.56	87.72
	98.49	84.44	97.21	73.33	88.37
	98.74	85.33	96.78	70.67	87.88

	300 vrd:activities
	96.20	64.67	91.68	41.33	73.47
	98.25	85.33	96.10	67.33	86.75
	98.70	85.33	97.02	73.33	88.60
	99.08	88.67	97.64	76.00	90.34

	glove vrd:activities
	95.51	64.00	90.07	34.67	71.06
	98.77	88.67	96.92	70.00	88.59
	99.01	90.00	97.88	79.33	91.55
	98.63	86.67	97.09	72.67	88.76



	300 vrd:all
	91.99	75.58	76.56	47.60	72.94
	80.73	61.55	67.21	41.87	62.84
	81.23	62.66	67.33	39.99	62.80
	89.38	71.26	72.56	43.76	69.24

	coco-20 vrd:all
	91.89	75.45	76.36	47.95	72.91
	84.68	67.92	71.16	48.03	67.95
	85.51	67.58	71.28	45.34	67.43
	89.51	70.96	72.50	44.05	69.25

	coco-50 vrd:all
	92.08	76.30	76.51	47.43	73.08
	83.83	65.83	70.08	45.94	66.42
	84.68	66.51	70.50	44.27	66.49
	88.98	70.79	72.40	45.00	69.29

	coco-100 vrd:all
	92.07	76.22	76.38	47.13	72.95
	83.45	65.27	70.29	46.07	66.27
	83.56	65.36	70.23	44.53	65.92
	89.22	71.04	72.27	42.47	68.75


	glove vrd:all
	91.59	76.39	76.12	49.49	73.40
	77.68	57.49	64.90	38.58	59.66
	78.55	58.04	64.62	35.12	59.08
	88.67	70.74	71.61	42.69	68.43

	gloco-20 vrd:all
	91.75	75.41	76.40	48.16	72.93
	78.01	58.73	64.79	37.60	59.78
	78.73	58.25	64.63	34.94	59.14
	88.83	71.94	71.68	43.50	68.99

	gloco-50 vrd:all
	91.73	75.36	76.58	48.76	73.11
	77.91	59.50	66.72	41.02	61.29
	79.14	60.05	66.87	38.96	61.26
	89.05	71.69	72.01	44.01	69.19

	gloco-100 vrd:all
	91.75	75.71	76.10	47.60	72.79
	76.93	56.59	64.51	37.60	58.91
	78.28	57.53	64.72	35.16	58.92
	88.99	71.64	71.30	43.16	68.77



	300 vrd:activities
	96.20	64.67	91.68	41.33	73.47
	98.25	85.33	96.10	67.33	86.75
	98.70	85.33	97.02	73.33	88.60
	99.08	88.67	97.64	76.00	90.34
	coco-20 vrd:activities
	96.20	66.00	91.51	38.00	72.93
	98.60	85.33	96.99	74.67	88.90
	99.04	88.00	98.01	79.33	91.10
	98.94	89.33	97.64	76.67	90.64
	coco-50 vrd:activities
	95.65	64.00	90.48	34.67	71.20
	98.77	84.67	97.47	72.00	88.22
	99.04	88.00	98.08	76.00	90.28
	98.56	83.33	96.92	67.33	86.54
	coco-100 vrd:activities
	95.86	62.00	91.44	38.67	71.99
	99.01	86.67	97.36	70.67	88.43
	99.08	88.00	98.25	78.00	90.83
	98.56	87.33	96.47	72.00	88.59


	glove vrd:activities
	95.51	64.00	90.07	34.67	71.06
	98.77	88.67	96.92	70.00	88.59
	99.01	90.00	97.88	79.33	91.55
	98.63	86.67	97.09	72.67	88.76
	gloco-20 vrd:activities
	95.27	62.67	90.14	34.67	70.69
	98.90	89.33	97.19	73.33	89.69
	99.21	90.00	97.74	78.67	91.40
	98.73	86.00	96.99	69.33	87.76
	gloco-50 vrd:activities
	95.86	63.33	90.82	37.33	71.84
	98.12	88.67	96.71	77.33	90.21
	98.70	88.00	97.57	78.67	90.73
	98.12	82.00	96.64	70.00	86.69
	gloco-100 vrd:activities
	96.10	64.67	91.37	35.33	71.87
	98.60	85.33	97.33	75.33	89.15
	99.11	90.00	97.91	78.00	91.26
	98.90	90.00	96.95	76.00	90.46
