vrd:all

untrained
std 0.00	0.86	2.58	2.01	3.54	2.22
0.00	7.64	11.58	2.78	5.08	6.77
no_feats
4.00	61.12	41.97	35.99	15.77	38.71
4.00	39.57	30.80	18.40	15.80	26.14
4.00	39.48	30.48	18.36	15.85	26.05
4.00	52.85	33.42	29.95	16.20	33.10

only_sem
4.00	89.93	66.41	73.65	37.87	66.96
4.00	69.27	36.47	57.51	22.27	46.38
4.00	70.11	37.75	58.06	21.19	46.78
4.00	85.97	62.08	68.98	34.84	62.97

all_feats
4.00	91.84	75.51	76.46	48.59	73.10
4.00	71.64	47.45	61.13	33.22	53.36
4.00	72.34	46.22	60.84	30.51	52.48
4.00	89.52	71.60	72.39	43.43	69.23

vrd:spatial, all_feats

4.00	94.68	83.91	79.74	55.04	78.34
4.00	86.24	67.65	73.09	48.88	68.97
4.00	87.90	69.20	73.93	49.80	70.21
4.00	93.64	82.52	78.50	57.00	77.91

vrd:activities, all_feats

untrained:
	0.00	13.86	46.22	9.18	32.44	25.43	30.11	4.00	26.50	1.33	15.49
	std 0.00	3.97	9.39	4.29	8.17	6.37	0.17	2.88	0.09	1.09	1.04

4.00	95.89	62.67	91.07	37.78	71.85	30.55	13.33	27.80	8.89	20.14
4.00	98.11	84.89	96.35	71.56	87.72	30.91	16.00	28.03	11.56	21.63
4.00	98.49	84.44	97.21	73.33	88.37	30.87	15.56	27.94	11.56	21.48
4.00	98.74	85.33	96.78	70.67	87.88	30.13	11.11	27.07	7.11	18.86
std11 4.00	0.19	3.50	0.09	1.09	0.73	0.06	0.63	0.09	0.63	0.18
std25 4.00	0.36	4.99	0.68	4.99	2.68	0.23	0.63	0.39	0.63	0.18
